#superficie
#vertices 5 10
#lin-0
#v00 -68.0 -50.0  02.0
#v01 -66.0 -36.0  07.0
#v02 -62.0 -16.0  10.0
#v03 -62.0  12.0  08.0
#v04 -64.0  26.0  04.0
#v05 -62.0  32.0  06.0
#v06 -64.0  42.0  06.0
#v07 -68.0  56.0  06.0
#v08 -66.0  70.0  06.0
#v09 -62.0  82.0  06.0
#lin-1
#v10 -54.0 -44.0  06.0
#v11 -50.0 -28.0  10.0
#v12 -46.0 -12.0  12.0
#v13 -48.0  10.0  08.0
#v14 -44.0  22.0  06.0
#v15 -48.0  34.0  06.0
#v16 -46.0  46.0  02.0
#v17 -44.0  58.0  04.0
#v18 -40.0  70.0  06.0
#v19 -54.0  82.0  02.0
#lin-2
#v20 -26.0 -40.0  10.0
#v21 -30.0 -26.0  14.0
#v22 -32.0 -14.0  16.0
#v23 -28.0  12.0  08.0
#v24 -24.0  24.0  06.0
#v25 -30.0  36.0  06.0
#v26 -28.0  48.0  06.0
#v27 -26.0  60.0  02.0
#v28 -24.0  72.0  04.0
#v29 -30.0  84.0  06.0
#lin-3
#v30 -12.0 -43.0  08.0
#v31 -12.0 -27.0  12.0
#v32 -14.0 -10.0  14.0
#v33 -08.0  12.0  10.0
#v34 -10.0  26.0  04.0
#v35 -06.0  38.0  06.0
#v36 -10.0  50.0  06.0
#v37 -09.0  62.0  02.0
#v38 -08.0  74.0  04.0
#v39 -14.0  86.0  06.0
#lin-4
#v40  07.0 -43.0  06.0
#v41  09.0 -34.0  10.0
#v42  06.0 -16.0  16.0
#v43  08.0  13.0  08.0
#v44  11.0  24.0  02.0
#v45  10.0  39.0  02.0
#v46  06.0  49.0  02.0
#v47  07.0  60.0  02.0
#v48  08.0  72.0  02.0
#v49 03.0  86.0  02.0
#linhaFim
